0 1
1 1
2 1
3 1
4 1
5 1
6 1
7 1
8 1
9 1
10 1
11 1
12 1
13 1
14 1
15 1
16 1
17 1
18 0.8
19 0.6666666666666666
20 1
21 0.5
22 1
23 1
24 0.6666666666666666
25 0
26 0.7878787878787878
27 1
28 1
29 0.4444444444444444
30 0.36363636363636365
31 1
32 1
33 0.6666666666666666
34 0.375
0 1
1 1
2 1
3 1
4 1
5 1
6 1
7 1
8 1
9 1
10 1
11 1
12 1
13 1
14 1
15 1
16 1
17 1
18 0.8
19 0.6666666666666666
20 1
21 0.5
22 1
23 1
24 0.6666666666666666
25 0
26 0.7878787878787878
27 1
28 1
29 0.4444444444444444
30 0.36363636363636365
31 1
32 1
33 0.6666666666666666
34 0.375
0 1
1 1
2 1
3 1
4 1
5 1
6 1
7 1
8 1
9 1
10 1
11 1
12 1
13 1
14 1
15 1
16 1
17 1
18 0.8
19 0.6666666666666666
20 1
21 0.5
22 1
23 1
24 0.6666666666666666
25 0
26 0.7878787878787878
27 1
28 1
29 0.4444444444444444
30 0.36363636363636365
31 1
32 1
33 0.6666666666666666
34 0.375
0 1
1 1
2 1
3 1
4 1
5 1
6 1
7 1
8 1
9 1
10 1
11 1
12 1
13 1
14 1
15 1
16 1
17 1
18 0.8
19 0.6666666666666666
20 1
21 0.5
22 1
23 1
24 0.6666666666666666
25 0
26 0.7878787878787878
27 1
28 1
29 0.4444444444444444
30 0.36363636363636365
31 1
32 1
33 0.6666666666666666
34 0.375
0 1
1 1
2 1
3 1
4 1
5 1
6 1
7 1
8 1
9 1
10 1
11 1
12 1
13 1
14 1
15 1
16 1
17 1
18 0.8
19 0.6666666666666666
20 1
21 0.5
22 1
23 1
24 0.6666666666666666
25 0
26 0.7878787878787878
27 1
28 1
29 0.4444444444444444
30 0.36363636363636365
31 1
32 1
33 0.6666666666666666
34 0.375
0 1
1 1
2 1
3 1
4 1
5 1
6 1
7 1
8 1
9 1
10 1
11 1
12 1
13 1
14 1
15 1
16 1
17 1
18 0.8
19 0.6666666666666666
20 1
21 0.5
22 1
23 1
24 0.6666666666666666
25 0
26 0.7878787878787878
27 1
28 1
29 0.4444444444444444
30 0.36363636363636365
31 1
32 1
33 0.6666666666666666
34 0.375
0 1
1 1
2 1
3 1
4 1
5 1
6 1
7 1
8 1
9 1
10 1
11 1
12 1
13 1
14 1
15 1
16 1
17 1
18 0.8
19 0.6666666666666666
20 1
21 0.5
22 1
23 1
24 0.6666666666666666
25 0
26 0.7878787878787878
27 1
28 1
29 0.4444444444444444
30 0.36363636363636365
31 1
32 1
33 0.6666666666666666
34 0.375
0 1
1 1
2 1
3 1
4 1
5 1
6 1
7 1
8 1
9 1
10 1
11 1
12 1
13 1
14 1
15 1
16 1
17 1
18 0.8
19 0.6666666666666666
20 1
21 0.5
22 1
23 1
24 0.6666666666666666
25 0
26 0.7878787878787878
27 1
28 1
29 0.4444444444444444
30 0.36363636363636365
31 1
32 1
33 0.6666666666666666
34 0.375
0 1
1 1
2 1
3 1
4 1
5 1
6 1
7 1
8 1
9 1
10 1
11 1
12 1
13 1
14 1
15 1
16 1
17 1
18 0.8
19 0.6666666666666666
20 1
21 0.5
22 1
23 1
24 0.6666666666666666
25 0
26 0.7878787878787878
27 1
28 1
29 0.4444444444444444
30 0.36363636363636365
31 1
32 1
33 0.6666666666666666
34 0.375
0 1
1 1
2 1
4 1
5 1
3 1
6 1
7 1
8 1
9 1
10 1
11 1
12 1
13 1
14 1
15 1
16 1
17 1
18 0.8
19 0.6666666666666666
20 1
21 0.5
22 1
23 1
24 0.6666666666666666
25 0
26 0.7878787878787878
27 1
28 1
29 0.4444444444444444
30 0.36363636363636365
31 1
32 1
33 0.6666666666666666
34 0.375
0 1
1 1
2 1
3 1
4 1
5 1
6 1
7 1
8 1
9 1
10 1
11 1
12 1
13 1
14 1
15 1
16 1
17 1
18 0.8
19 0.6666666666666666
21 0.5
22 1
20 1
23 1
24 0.6666666666666666
25 0
26 0.7878787878787878
27 1
28 1
29 0.4444444444444444
30 0.36363636363636365
31 1
32 1
33 0.6666666666666666
34 0.375
0 0
1 0
3 0
2 0
4 0
5 0
7 0
6 0
8 0
9 0
10 0
11 0
12 0.16666666666666666
13 0
14 0
15 0.3333333333333333
16 0
17 0
18 0.2
19 0
20 0
21 0
22 0
23 0
24 0
25 0
26 0.030303030303030304
27 0
28 0
29 0
30 0
31 0
32 0
33 0.16666666666666666
34 0
0 0
1 0
2 0
3 0
4 0
5 0
6 0
7 0
8 0
9 0.2
10 0
11 0
13 0
12 0.16666666666666666
14 0
15 0.3333333333333333
16 0
17 0.3333333333333333
18 0.4
19 0
20 0
21 0
22 0
23 0
24 0
25 0
26 0.06060606060606061
27 0
28 0
29 0
30 0
31 0
32 0
33 0.16666666666666666
34 0
0 0
1 0
2 0.25
3 0
4 0.3333333333333333
5 0
6 0
7 0
8 0
9 0.2
10 0
11 0
12 0.16666666666666666
13 0
14 0
15 0.3333333333333333
16 0
17 0.3333333333333333
18 0.4
19 0
20 0.2
21 0
22 0
23 0.1111111111111111
24 0
25 0
26 0.06060606060606061
27 0
28 0
29 0
30 0
31 0
32 0
33 0.16666666666666666
34 0
0 0
1 0
2 0.25
3 0
5 0
4 0.3333333333333333
6 0
7 0
8 0
9 0.2
10 0
11 0.2
12 0.16666666666666666
13 0
14 0
15 0.3333333333333333
16 0
17 0.3333333333333333
18 0.4
19 0
20 0.2
21 0
22 0
23 0.1111111111111111
24 0
25 0
26 0.06060606060606061
27 0
28 0
29 0.1111111111111111
30 0.09090909090909091
31 0
32 0
33 0.16666666666666666
34 0
0 0
1 0
2 0.25
3 0
4 0.3333333333333333
5 0
7 0
6 0
8 0
9 0.2
10 0
11 0.2
12 0.16666666666666666
13 0
14 0
15 0.3333333333333333
16 0
17 0.3333333333333333
18 0.4
19 0
21 0
22 0
20 0.2
23 0.1111111111111111
24 0
25 1
26 0.06060606060606061
27 0
28 0
29 0.1111111111111111
30 0.09090909090909091
31 0
32 0
33 0.16666666666666666
34 0
0 0
1 0
2 0.25
3 0
4 0.3333333333333333
5 0
6 0
7 0
8 0
9 0.2
10 0
11 0.2
12 0.16666666666666666
13 0
14 0.16666666666666666
15 0.3333333333333333
16 0
17 0.3333333333333333
18 0.4
19 0
20 0.2
21 0
22 0
23 0.1111111111111111
24 0
25 1
26 0.09090909090909091
27 0
28 0
29 0.1111111111111111
30 0.09090909090909091
31 0
32 0
33 0.16666666666666666
34 0
0 0
1 0
3 0
2 0.25
4 0.3333333333333333
5 0
6 0.25
7 0
8 0
9 0.2
10 0
11 0.4
12 0.16666666666666666
13 0
14 0.16666666666666666
15 0.3333333333333333
16 0
17 0.3333333333333333
18 0.4
19 0
20 0.2
21 0
22 0
23 0.1111111111111111
24 0
25 1
26 0.09090909090909091
27 0
28 0
29 0.2222222222222222
30 0.18181818181818182
31 0
32 0
33 0.16666666666666666
34 0
0 0
1 0
2 0.25
3 0
5 0
4 0.3333333333333333
6 0.25
7 0
8 0
9 0.2
10 0.25
11 0.4
12 0.16666666666666666
13 0
14 0.16666666666666666
15 0.3333333333333333
16 0
17 0.3333333333333333
18 0.4
19 0
20 0.2
21 0
22 0
23 0.1111111111111111
24 0
26 0.12121212121212122
25 1
27 0
28 0
29 0.2222222222222222
30 0.2727272727272727
31 0
32 0
33 0.16666666666666666
34 0
0 0
1 0
2 0.25
3 0
4 0.3333333333333333
5 0
6 0.25
7 0
8 0
9 0.2
10 0.25
11 0.4
12 0.16666666666666666
13 0
14 0.16666666666666666
15 0.3333333333333333
16 0
17 0.3333333333333333
18 0.4
19 0
20 0.2
21 0
22 0
23 0.1111111111111111
24 0
25 1
26 0.12121212121212122
27 0
28 0
29 0.2222222222222222
30 0.2727272727272727
31 0
32 0
33 0.16666666666666666
34 0
