Query_ID Recall Precision NonInterpolatedPrecision1 0.3333333333333333 0.05 0.06666666666666667
2 1 0.07692307692307693 0.6666666666666666
3 1 0.36363636363636365 0.6527777777777777
4 0.5 0.043478260869565216 0.125
5 1 0.06976744186046512 0.46990740740740744
6 0.5 0.09090909090909091 0.1
7 0.5 0.043478260869565216 0.5
8 1 0.023255813953488372 0.05
9 1 0.058823529411764705 0.13333333333333333
10 0.8 0.12903225806451613 0.15977777777777777
11 0.75 0.08333333333333333 0.05593185550082101
12 0.8 0.17391304347826086 0.7142857142857142
13 1 0.125 0.3606060606060606
14 0 0 0
15 1 0.125 0.45555555555555555
16 1 0.07317073170731707 0.5825825825825826
17 1 0.05405405405405406 0.1
18 1 0.21428571428571427 0.8666666666666667
19 0.6 0.10344827586206896 0.55
20 0.3333333333333333 0.05 0.018518518518518517
21 0.8 0.5 0.36666666666666664
22 0.3333333333333333 0.6666666666666666 0.19444444444444442
23 1 0.043478260869565216 0.5
24 1 0.6 0.7231922398589066
25 0.6666666666666666 0.07142857142857142 0.38888888888888884
26 0 0 0
27 0.6666666666666666 0.4782608695652174 0.42487225649374605
28 0.25 0.05555555555555555 0.020833333333333332
29 0 0 0
30 0.3333333333333333 0.3 0.2142857142857143
31 0.18181818181818182 0.10526315789473684 0.029137529137529136
32 1 0.047619047619047616 0.19166666666666665
33 0.75 0.10714285714285714 0.3988095238095238
34 0.3333333333333333 0.09523809523809523 0.25
35 0.25 0.2222222222222222 0.20833333333333331
